0 FILE 6988.io
0 Untitled Model
0 Name:  6988
0 Author:  
0 CustomBrick
0 NumOfBricks:  157
1 0 230.000000 -4.000000 0.000000 0.000000 0.000000 1.000000 0.000000 1.000000 0.000000 -1.000000 0.000000 0.000000 2552p02.dat
1 0 -420.000000 -4.000000 10.000000 1.000000 0.000000 0.000000 0.000000 1.000000 0.000000 0.000000 0.000000 1.000000 6099p02.dat
0 STEP
1 0 130.000100 -76.000000 -300.000000 -1.000000 0.000000 0.000000 0.000000 1.000000 0.000000 0.000000 0.000000 -1.000000 2449.dat
1 0 150.000100 -76.000000 -300.000000 -1.000000 0.000000 0.000000 0.000000 1.000000 0.000000 0.000000 0.000000 -1.000000 2449.dat
1 0 450.000000 -76.000000 -299.999900 -1.000000 0.000000 0.000000 0.000000 1.000000 0.000000 0.000000 0.000000 -1.000000 2449.dat
1 0 470.000100 -76.000000 -299.999900 -1.000000 0.000000 0.000000 0.000000 1.000000 0.000000 0.000000 0.000000 -1.000000 2449.dat
0 ROTSTEP 40.107 0.000 0.000 ABS
1 15 -20.000030 -124.000000 249.999900 1.000000 0.000000 0.000000 0.000000 1.000000 0.000000 0.000000 0.000000 1.000000 3940.dat
1 15 160.000000 -196.000000 -130.000000 1.000000 0.000000 0.000000 0.000000 1.000000 0.000000 0.000000 0.000000 1.000000 3940.dat
1 15 440.000000 -196.000000 -130.000000 1.000000 0.000000 0.000000 0.000000 1.000000 0.000000 0.000000 0.000000 1.000000 3940.dat
1 15 459.999900 -124.000000 250.000000 1.000000 0.000000 0.000000 0.000000 1.000000 0.000000 0.000000 0.000000 1.000000 3940.dat
0 STEP
1 15 -80.000010 -124.000000 250.000000 0.000000 0.000000 1.000000 0.000000 1.000000 0.000000 -1.000000 0.000000 0.000000 4476.dat
1 15 140.000100 -196.000000 -210.000000 1.000000 0.000000 0.000000 0.000000 1.000000 0.000000 0.000000 0.000000 1.000000 4476.dat
1 15 460.000000 -196.000000 -209.999900 1.000000 0.000000 0.000000 0.000000 1.000000 0.000000 0.000000 0.000000 1.000000 4476.dat
0 STEP
1 0 470.000000 -148.000000 250.000100 0.000000 0.000000 1.000000 0.000000 1.000000 0.000000 -1.000000 0.000000 0.000000 3039p10.dat
1 0 299.999900 -156.000000 240.000000 1.000000 0.000000 0.000000 0.000000 1.000000 0.000000 0.000000 0.000000 1.000000 3666.dat
1 0 300.000000 -148.000000 -130.000000 1.000000 0.000000 0.000000 0.000000 1.000000 0.000000 0.000000 0.000000 1.000000 3030.dat
0 STEP
1 0 470.000000 -156.000000 250.000100 0.000000 0.000000 -1.000000 0.000000 1.000000 0.000000 1.000000 0.000000 0.000000 3839b.dat
1 0 300.000000 -172.000000 -170.000000 0.000000 0.000000 -1.000000 0.000000 1.000000 0.000000 1.000000 0.000000 0.000000 2456.dat
1 0 300.000000 -172.000000 -100.000000 1.000000 0.000000 0.000000 0.000000 1.000000 0.000000 0.000000 0.000000 1.000000 3004.dat
0 STEP
1 42 489.920000 -150.000000 224.000100 0.000000 1.000000 0.000000 -1.000000 0.000000 0.000000 0.000000 0.000000 1.000000 4740.dat
1 42 488.930000 -150.000000 276.000100 0.000000 1.000000 0.000000 -1.000000 0.000000 0.000000 0.000000 0.000000 1.000000 4740.dat
0 STEP
1 0 300.000100 -196.000000 -130.000000 0.000000 0.000000 -1.000000 0.000000 1.000000 0.000000 1.000000 0.000000 0.000000 3001.dat
1 0 300.000000 -196.000000 -190.000000 1.000000 0.000000 0.000000 0.000000 1.000000 0.000000 0.000000 0.000000 1.000000 3003.dat
1 0 300.000000 -196.000000 -220.000000 1.000000 0.000000 0.000000 0.000000 1.000000 0.000000 0.000000 0.000000 1.000000 3700.dat
1 0 190.000000 -172.000000 220.000000 -1.000000 0.000000 0.000000 0.000000 1.000000 0.000000 0.000000 0.000000 -1.000000 2462.dat
1 0 410.000000 -172.000000 220.000000 0.000000 0.000000 -1.000000 0.000000 1.000000 0.000000 1.000000 0.000000 0.000000 2462.dat
0 STEP
1 0 -40.000030 -132.000000 249.999900 1.000000 0.000000 0.000000 0.000000 1.000000 0.000000 0.000000 0.000000 1.000000 3020.dat
1 0 160.000000 -204.000000 -130.000000 1.000000 0.000000 0.000000 0.000000 1.000000 0.000000 0.000000 0.000000 1.000000 3022.dat
1 0 440.000000 -204.000000 -130.000000 1.000000 0.000000 0.000000 0.000000 1.000000 0.000000 0.000000 0.000000 1.000000 3022.dat
1 0 130.000100 -204.000000 -250.000000 0.000000 0.000000 -1.000000 0.000000 1.000000 0.000000 1.000000 0.000000 0.000000 3666.dat
1 0 470.000100 -204.000000 -249.999900 0.000000 0.000000 -1.000000 0.000000 1.000000 0.000000 1.000000 0.000000 0.000000 3666.dat
0 STEP
1 15 300.000000 -28.000000 110.000000 1.000000 0.000000 0.000000 0.000000 1.000000 0.000000 0.000000 0.000000 1.000000 3001.dat
1 15 300.000000 -28.000000 -10.000000 1.000000 0.000000 0.000000 0.000000 1.000000 0.000000 0.000000 0.000000 1.000000 3001.dat
1 0 180.000000 -148.000000 110.000000 0.000000 0.000000 -1.000000 0.000000 1.000000 0.000000 1.000000 0.000000 0.000000 3034.dat
1 0 300.000100 -204.000000 -210.000000 1.000000 0.000000 0.000000 0.000000 1.000000 0.000000 0.000000 0.000000 1.000000 4282.dat
1 0 -90.000010 -132.000000 250.000000 0.000000 0.000000 1.000000 0.000000 1.000000 0.000000 -1.000000 0.000000 0.000000 3839b.dat
0 STEP
1 0 300.000000 -84.000000 50.000000 1.000000 0.000000 0.000000 0.000000 1.000000 0.000000 0.000000 0.000000 1.000000 4760c01.dat
0 STEP
1 0 160.000000 -228.000000 -120.000000 -1.000000 0.000000 0.000000 0.000000 1.000000 0.000000 0.000000 0.000000 -1.000000 3660.dat
1 0 440.000000 -228.000000 -120.000000 -1.000000 0.000000 0.000000 0.000000 1.000000 0.000000 0.000000 0.000000 -1.000000 3660.dat
1 0 170.000000 -172.000000 150.000000 0.000000 0.000000 -1.000000 0.000000 1.000000 0.000000 1.000000 0.000000 0.000000 3010.dat
1 0 430.000000 -172.000000 150.000000 0.000000 0.000000 -1.000000 0.000000 1.000000 0.000000 1.000000 0.000000 0.000000 3010.dat
0 STEP
1 0 -20.000030 -140.000000 239.999900 1.000000 0.000000 0.000000 0.000000 1.000000 0.000000 0.000000 0.000000 1.000000 3023.dat
1 0 -20.000030 -140.000000 259.999900 -1.000000 0.000000 0.000000 0.000000 1.000000 0.000000 0.000000 0.000000 -1.000000 4175.dat
1 0 140.000100 -212.000000 -210.000000 1.000000 0.000000 0.000000 0.000000 1.000000 0.000000 0.000000 0.000000 1.000000 4151b.dat
1 0 460.000100 -212.000000 -209.999900 1.000000 0.000000 0.000000 0.000000 1.000000 0.000000 0.000000 0.000000 1.000000 4151b.dat
0 STEP
1 0 180.000000 -388.000000 50.000000 1.000000 0.000000 0.000000 0.000000 1.000000 0.000000 0.000000 0.000000 1.000000 2681.dat
1 0 420.000000 -388.000000 50.000000 1.000000 0.000000 0.000000 0.000000 1.000000 0.000000 0.000000 0.000000 1.000000 2681.dat
0 STEP
1 0 300.000100 -227.124700 -100.000000 1.000000 0.000000 0.000000 0.000000 1.000000 0.000000 0.000000 0.000000 1.000000 73664.dat
1 0 140.000100 -56.000000 -310.000000 1.000000 0.000000 0.000000 0.000000 0.000000 1.000000 0.000000 -1.000000 0.000000 3940.dat
1 0 460.000100 -56.000000 -309.999900 1.000000 0.000000 0.000000 0.000000 0.000000 1.000000 0.000000 -1.000000 0.000000 3940.dat
0 STEP
1 0 -20.000030 -148.000000 249.999900 1.000000 0.000000 0.000000 0.000000 1.000000 0.000000 0.000000 0.000000 1.000000 3022.dat
1 0 140.000100 -220.000000 -260.000000 1.000000 0.000000 0.000000 0.000000 1.000000 0.000000 0.000000 0.000000 1.000000 3460.dat
1 0 460.000100 -220.000000 -259.999900 1.000000 0.000000 0.000000 0.000000 1.000000 0.000000 0.000000 0.000000 1.000000 3460.dat
0 STEP
1 0 180.000000 -411.837500 60.000000 1.000000 0.000000 0.000000 0.000000 1.000000 0.000000 0.000000 0.000000 1.000000 3004.dat
1 0 420.000000 -411.837500 60.000000 1.000000 0.000000 0.000000 0.000000 1.000000 0.000000 0.000000 0.000000 1.000000 3004.dat
1 0 300.000000 -411.837500 40.000000 1.000000 0.000000 0.000000 0.000000 1.000000 0.000000 0.000000 0.000000 1.000000 2465.dat
0 STEP
1 15 380.000000 -252.000000 -100.000000 1.000000 0.000000 0.000000 0.000000 1.000000 0.000000 0.000000 0.000000 1.000000 2500c01.dat
1 15 220.000000 -252.000000 -100.000000 1.000000 0.000000 0.000000 0.000000 1.000000 0.000000 0.000000 0.000000 1.000000 2500c01.dat
0 STEP
1 42 140.000100 -56.000000 -358.000100 1.000000 0.000000 0.000000 0.000000 0.000000 1.000000 0.000000 -1.000000 0.000000 3960.dat
1 42 460.000100 -56.000000 -357.999900 1.000000 0.000000 0.000000 0.000000 0.000000 1.000000 0.000000 -1.000000 0.000000 3960.dat
1 42 140.000100 -212.000000 -300.000000 1.000000 0.000000 0.000000 0.000000 1.000000 0.000000 0.000000 0.000000 1.000000 2466.dat
1 42 460.000100 -212.000000 -299.999900 1.000000 0.000000 0.000000 0.000000 1.000000 0.000000 0.000000 0.000000 1.000000 2466.dat
0 STEP
1 0 180.000000 -435.837500 50.000000 1.000000 0.000000 0.000000 0.000000 1.000000 0.000000 0.000000 0.000000 1.000000 3003.dat
1 0 420.000000 -435.837500 50.000000 1.000000 0.000000 0.000000 0.000000 1.000000 0.000000 0.000000 0.000000 1.000000 3003.dat
1 0 450.000000 -435.837500 39.999980 0.000000 0.000000 -1.000000 0.000000 1.000000 0.000000 1.000000 0.000000 0.000000 4287.dat
1 0 150.000000 -435.837500 40.000000 0.000000 0.000000 1.000000 0.000000 1.000000 0.000000 -1.000000 0.000000 0.000000 4287.dat
1 0 300.000000 -260.000000 -100.000000 1.000000 0.000000 0.000000 0.000000 1.000000 0.000000 0.000000 0.000000 1.000000 3710.dat
0 STEP
1 36 180.000000 -242.000000 -110.000000 1.000000 0.000000 0.000000 0.000000 0.000000 -1.000000 0.000000 1.000000 0.000000 4770.dat
1 36 220.000000 -242.000000 -110.000000 1.000000 0.000000 0.000000 0.000000 0.000000 -1.000000 0.000000 1.000000 0.000000 4770.dat
1 36 260.000000 -242.000000 -110.000000 1.000000 0.000000 0.000000 0.000000 0.000000 -1.000000 0.000000 1.000000 0.000000 4770.dat
1 36 340.000000 -242.000000 -110.000000 1.000000 0.000000 0.000000 0.000000 0.000000 -1.000000 0.000000 1.000000 0.000000 4770.dat
1 36 380.000000 -242.000000 -110.000000 1.000000 0.000000 0.000000 0.000000 0.000000 -1.000000 0.000000 1.000000 0.000000 4770.dat
1 36 420.000000 -242.000000 -110.000000 1.000000 0.000000 0.000000 0.000000 0.000000 -1.000000 0.000000 1.000000 0.000000 4770.dat
0 STEP
1 15 150.000100 -220.000000 -210.000000 0.000000 0.000000 -1.000000 0.000000 1.000000 0.000000 1.000000 0.000000 0.000000 2412a.dat
1 15 130.000100 -220.000000 -210.000000 0.000000 0.000000 -1.000000 0.000000 1.000000 0.000000 1.000000 0.000000 0.000000 2412a.dat
1 15 470.000100 -220.000000 -209.999900 0.000000 0.000000 -1.000000 0.000000 1.000000 0.000000 1.000000 0.000000 0.000000 2412a.dat
1 15 450.000100 -220.000000 -209.999900 0.000000 0.000000 -1.000000 0.000000 1.000000 0.000000 1.000000 0.000000 0.000000 2412a.dat
1 15 470.000100 -220.000000 -289.999900 0.000000 0.000000 -1.000000 0.000000 1.000000 0.000000 1.000000 0.000000 0.000000 2412a.dat
1 15 450.000100 -220.000000 -289.999900 0.000000 0.000000 -1.000000 0.000000 1.000000 0.000000 1.000000 0.000000 0.000000 2412a.dat
1 15 150.000100 -220.000000 -290.000000 0.000000 0.000000 -1.000000 0.000000 1.000000 0.000000 1.000000 0.000000 0.000000 2412a.dat
1 15 130.000100 -220.000000 -290.000000 0.000000 0.000000 -1.000000 0.000000 1.000000 0.000000 1.000000 0.000000 0.000000 2412a.dat
1 15 -9.999980 -172.000000 230.000000 0.000000 0.000000 1.000000 0.000000 1.000000 0.000000 -1.000000 0.000000 0.000000 3633.dat
1 15 -10.000000 -172.000000 150.000000 0.000000 0.000000 1.000000 0.000000 1.000000 0.000000 -1.000000 0.000000 0.000000 3633.dat
0 STEP
1 0 140.000000 -459.837500 40.000020 1.000000 0.000000 0.000000 0.000000 1.000000 0.000000 0.000000 0.000000 1.000000 3010.dat
1 0 190.000000 -459.837500 59.999990 -1.000000 0.000000 0.000000 0.000000 1.000000 0.000000 0.000000 0.000000 -1.000000 2357.dat
1 0 410.000100 -459.837500 60.000050 0.000000 0.000000 1.000000 0.000000 1.000000 0.000000 -1.000000 0.000000 0.000000 2357.dat
1 0 460.000000 -459.837500 40.000000 1.000000 0.000000 0.000000 0.000000 1.000000 0.000000 0.000000 0.000000 1.000000 3010.dat
0 STEP
1 0 -10.000000 -172.000000 100.000000 0.000000 0.000000 -1.000000 0.000000 1.000000 0.000000 1.000000 0.000000 0.000000 3040p01.dat
1 0 300.000000 -84.000000 19.999990 -1.000000 0.000000 0.000000 0.000000 1.000000 0.000000 0.000000 0.000000 -1.000000 4784.dat
1 0 -30.000020 -156.000000 259.999900 0.000000 0.000000 1.000000 0.000000 1.000000 0.000000 -1.000000 0.000000 0.000000 4085b.dat
1 0 -30.000030 -156.000000 239.999900 0.000000 0.000000 1.000000 0.000000 1.000000 0.000000 -1.000000 0.000000 0.000000 4085b.dat
0 STEP
1 15 230.000000 -164.000000 170.000000 0.000000 0.000000 -1.000000 0.000000 1.000000 0.000000 1.000000 0.000000 0.000000 4275b.dat
1 15 370.000000 -164.000000 170.000000 0.000000 0.000000 -1.000000 0.000000 1.000000 0.000000 1.000000 0.000000 0.000000 4275b.dat
1 0 369.999700 -164.000000 230.000000 0.000000 0.000000 1.000000 0.000000 1.000000 0.000000 -1.000000 0.000000 0.000000 4531.dat
1 0 230.000000 -164.000000 230.000000 0.000000 0.000000 1.000000 0.000000 1.000000 0.000000 -1.000000 0.000000 0.000000 4531.dat
1 15 370.000200 -164.000000 90.000140 0.000000 0.000000 1.000000 0.000000 1.000000 0.000000 -1.000000 0.000000 0.000000 3666.dat
1 15 230.000000 -164.000000 90.000130 0.000000 0.000000 1.000000 0.000000 1.000000 0.000000 -1.000000 0.000000 0.000000 3666.dat
0 ROTSTEP 36.107 -133.000 0.000 ABS
1 0 300.000000 -172.000000 110.000100 1.000000 0.000000 0.000000 0.000000 1.000000 0.000000 0.000000 0.000000 1.000000 4151b.dat
0 ROTSTEP 36.107 -133.000 0.000 ABS
1 15 300.000000 -180.000000 110.000100 -1.000000 0.000000 0.000000 0.000000 1.000000 0.000000 0.000000 0.000000 -1.000000 4150p04.dat
1 15 300.000000 -204.000000 40.000120 1.000000 0.000000 0.000000 0.000000 1.000000 0.000000 0.000000 0.000000 1.000000 2432.dat
0 STEP
1 15 300.000000 -419.837500 40.000000 1.000000 0.000000 0.000000 0.000000 1.000000 0.000000 0.000000 0.000000 1.000000 2436a.dat
1 15 180.000000 -439.837500 70.000020 -1.000000 0.000000 0.000000 0.000000 0.000000 1.000000 0.000000 1.000000 0.000000 3956.dat
1 15 420.000100 -439.837500 70.000060 -1.000000 0.000000 0.000000 0.000000 0.000000 1.000000 0.000000 1.000000 0.000000 3956.dat
1 15 130.000000 -467.837500 40.000020 1.000000 0.000000 0.000000 0.000000 1.000000 0.000000 0.000000 0.000000 1.000000 3623.dat
1 15 470.000000 -467.837500 40.000000 1.000000 0.000000 0.000000 0.000000 1.000000 0.000000 0.000000 0.000000 1.000000 3623.dat
0 STEP
1 42 -50.000020 -139.837500 259.999900 1.000000 0.000000 0.000000 0.000000 1.000000 0.000000 0.000000 0.000000 1.000000 2569.dat
1 42 -50.000030 -138.680000 239.999900 1.000000 0.000000 0.000000 0.000000 1.000000 0.000000 0.000000 0.000000 1.000000 2569.dat
0 STEP
1 15 300.000000 -260.000000 -130.000000 1.000000 0.000000 0.000000 0.000000 1.000000 0.000000 0.000000 0.000000 1.000000 4345b.dat
1 0 300.000000 -260.000000 -130.000000 1.000000 0.000000 0.000000 0.000000 1.000000 0.000000 0.000000 0.000000 1.000000 4346p60.dat
0 STEP
1 0 299.999900 -164.000000 240.000000 1.000000 0.000000 0.000000 0.000000 1.000000 0.000000 0.000000 0.000000 1.000000 4162.dat
1 0 430.000200 -475.837500 60.000110 0.000000 0.000000 -1.000000 0.000000 1.000000 0.000000 1.000000 0.000000 0.000000 4085b.dat
1 0 170.000000 -475.837500 60.000030 0.000000 0.000000 1.000000 0.000000 1.000000 0.000000 -1.000000 0.000000 0.000000 4085b.dat
1 0 190.000000 -475.837500 60.000020 0.000000 0.000000 -1.000000 0.000000 1.000000 0.000000 1.000000 0.000000 0.000000 4081b.dat
1 0 410.000100 -475.837500 60.000060 0.000000 0.000000 1.000000 0.000000 1.000000 0.000000 -1.000000 0.000000 0.000000 4081b.dat
1 0 300.000000 -268.000000 -120.000000 1.000000 0.000000 0.000000 0.000000 1.000000 0.000000 0.000000 0.000000 1.000000 3839b.dat
1 0 -70.000030 -156.000000 249.999900 0.000000 0.000000 1.000000 0.000000 1.000000 0.000000 -1.000000 0.000000 0.000000 3039p10.dat
0 STEP
1 42 270.000000 -435.837500 40.000000 1.000000 0.000000 0.000000 0.000000 1.000000 0.000000 0.000000 0.000000 1.000000 4589.dat
1 42 330.000000 -435.837500 40.000000 1.000000 0.000000 0.000000 0.000000 1.000000 0.000000 0.000000 0.000000 1.000000 4589.dat
1 36 290.000000 -409.837500 18.000000 1.000000 0.000000 0.000000 0.000000 0.000000 -1.000000 0.000000 1.000000 0.000000 6141.dat
1 36 310.000000 -409.837500 18.000000 1.000000 0.000000 0.000000 0.000000 0.000000 -1.000000 0.000000 1.000000 0.000000 6141.dat
1 42 -109.450000 -126.000000 276.000000 0.000000 -1.000000 0.000000 -1.000000 0.000000 0.000000 0.000000 0.000000 -1.000000 4740.dat
1 42 -109.800000 -126.000000 224.000000 0.000000 -1.000000 0.000000 -1.000000 0.000000 0.000000 0.000000 0.000000 -1.000000 4740.dat
0 STEP
1 0 300.000000 -276.000000 -110.000000 1.000000 0.000000 0.000000 0.000000 1.000000 0.000000 0.000000 0.000000 1.000000 3022.dat
1 0 420.000100 -439.837500 78.000060 1.000000 0.000000 0.000000 0.000000 0.000000 -1.000000 0.000000 1.000000 0.000000 3961.dat
1 0 180.000000 -439.837500 78.000020 1.000000 0.000000 0.000000 0.000000 0.000000 -1.000000 0.000000 1.000000 0.000000 3961.dat
0 STEP
1 42 420.000100 -439.837600 86.000060 1.000000 0.000000 0.000000 0.000000 0.000000 -1.000000 0.000000 1.000000 0.000000 4589.dat
1 42 180.000000 -439.837500 86.000020 1.000000 0.000000 0.000000 0.000000 0.000000 -1.000000 0.000000 1.000000 0.000000 4589.dat
1 42 140.000000 -475.837500 20.000000 1.000000 0.000000 0.000000 0.000000 1.000000 0.000000 0.000000 0.000000 1.000000 2408p01.dat
1 42 460.000100 -475.837500 20.000050 1.000000 0.000000 0.000000 0.000000 1.000000 0.000000 0.000000 0.000000 1.000000 2408p01.dat
0 STEP
1 15 330.000000 -409.837500 -62.000000 0.000000 0.000000 -1.000000 0.000000 1.000000 0.000000 1.000000 0.000000 0.000000 73590a.dat copy
1 15 270.000000 -409.837500 -62.000000 0.000000 0.000000 -1.000000 0.000000 1.000000 0.000000 1.000000 0.000000 0.000000 73590a.dat copy 2
0 STEP
1 36 -270.000000 -28.000000 280.000000 1.000000 0.000000 0.000000 0.000000 1.000000 0.000000 0.000000 0.000000 1.000000 4589.dat
1 36 -570.000000 -28.000000 280.000000 1.000000 0.000000 0.000000 0.000000 1.000000 0.000000 0.000000 0.000000 1.000000 4589.dat
1 36 -690.000000 -28.000000 160.000000 1.000000 0.000000 0.000000 0.000000 1.000000 0.000000 0.000000 0.000000 1.000000 4589.dat
1 36 -150.000000 -28.000000 160.000000 1.000000 0.000000 0.000000 0.000000 1.000000 0.000000 0.000000 0.000000 1.000000 4589.dat
1 36 -150.000000 -28.000000 -140.000000 1.000000 0.000000 0.000000 0.000000 1.000000 0.000000 0.000000 0.000000 1.000000 4589.dat
1 36 -270.000000 -28.000000 -260.000000 1.000000 0.000000 0.000000 0.000000 1.000000 0.000000 0.000000 0.000000 1.000000 4589.dat
1 36 490.000100 -499.837500 40.000060 1.000000 0.000000 0.000000 0.000000 1.000000 0.000000 0.000000 0.000000 1.000000 4589.dat
1 36 -570.000000 -28.000000 -260.000000 1.000000 0.000000 0.000000 0.000000 1.000000 0.000000 0.000000 0.000000 1.000000 4589.dat
1 36 -690.000000 -28.000000 -140.000000 1.000000 0.000000 0.000000 0.000000 1.000000 0.000000 0.000000 0.000000 1.000000 4589.dat
1 36 110.000000 -499.837500 40.000000 1.000000 0.000000 0.000000 0.000000 1.000000 0.000000 0.000000 0.000000 1.000000 4589.dat
1 34 -630.000000 -28.000000 -200.000000 1.000000 0.000000 0.000000 0.000000 1.000000 0.000000 0.000000 0.000000 1.000000 4589.dat
1 34 -210.000000 -28.000000 -200.000000 1.000000 0.000000 0.000000 0.000000 1.000000 0.000000 0.000000 0.000000 1.000000 4589.dat
1 34 -210.000000 -28.000000 220.000000 1.000000 0.000000 0.000000 0.000000 1.000000 0.000000 0.000000 0.000000 1.000000 4589.dat
1 34 -630.000000 -28.000000 220.000000 1.000000 0.000000 0.000000 0.000000 1.000000 0.000000 0.000000 0.000000 1.000000 4589.dat
0 STEP
1 0 -100.000000 -52.000000 -230.000000 1.000000 0.000000 0.000000 0.000000 1.000000 0.000000 0.000000 0.000000 1.000000 3940.dat
1 0 180.000000 -499.837500 60.000000 1.000000 0.000000 0.000000 0.000000 1.000000 0.000000 0.000000 0.000000 1.000000 3298.dat
1 0 420.000100 -499.837500 60.000060 1.000000 0.000000 0.000000 0.000000 1.000000 0.000000 0.000000 0.000000 1.000000 3298.dat
0 STEP
1 15 -100.000000 -60.000000 -220.000000 -1.000000 0.000000 0.000000 0.000000 1.000000 0.000000 0.000000 0.000000 -1.000000 4596.dat
1 15 -100.000000 -60.000000 -240.000000 1.000000 0.000000 0.000000 0.000000 1.000000 0.000000 0.000000 0.000000 1.000000 4596.dat
0 STEP
1 0 -90.000000 -84.000000 -230.000000 0.000000 0.000000 1.000000 0.000000 1.000000 0.000000 -1.000000 0.000000 0.000000 3039p10.dat
0 STEP
1 42 -90.000000 -108.000000 -220.000000 1.000000 0.000000 0.000000 0.000000 1.000000 0.000000 0.000000 0.000000 1.000000 4589.dat
1 42 -90.000000 -108.000000 -240.000000 1.000000 0.000000 0.000000 0.000000 1.000000 0.000000 0.000000 0.000000 1.000000 4589.dat
1 42 -99.999980 -58.000000 -150.000000 -1.000000 0.000000 0.000000 0.000000 0.000000 1.000000 0.000000 1.000000 0.000000 4740.dat
1 42 -100.000000 -58.000000 -310.000000 1.000000 0.000000 0.000000 0.000000 0.000000 1.000000 0.000000 -1.000000 0.000000 4740.dat
1 42 150.000000 -467.837500 60.000020 1.000000 0.000000 0.000000 0.000000 1.000000 0.000000 0.000000 0.000000 1.000000 2569.dat
1 42 450.000200 -467.837500 60.000110 1.000000 0.000000 0.000000 0.000000 1.000000 0.000000 0.000000 0.000000 1.000000 2569.dat
0 STEP
0 NOFILE
0 FILE 73590a.dat Copy
0 Hose, Flexible  8.5L with (Same Color) Tabless Ends Fixed
0 Name:  73590c03a
0 Author:  Steve Bliss [sbliss]
0 FlexibleBrick:  73590a.dat
1 16 100.000100 -64.000000 -60.000040 0.000000 1.000000 -0.000001 -1.000000 0.000000 0.000000 0.000000 0.000001 1.000000 752.dat
1 16 70.000000 0.000000 0.000000 0.000000 1.000000 0.000000 1.000000 0.000000 0.000000 0.000000 0.000000 1.000000 752.dat
1 16 100.000100 -64.000000 -60.000040 0.000000 -1.000000 -0.000001 1.000000 0.000000 0.000000 0.000000 -0.000001 1.000000 755.dat
1 16 70.000000 0.000000 0.000000 0.000000 -1.000000 0.000000 1.000000 0.000000 0.000000 0.000000 0.000000 1.000000 755.dat
1 16 94.560070 -63.946870 -60.024820 -0.056618 0.991085 0.120598 0.000000 -0.120791 0.992678 0.998396 0.056204 0.006839 754.dat
1 16 91.593970 -63.529730 -60.214370 -0.064862 0.987869 0.141091 0.000000 -0.141388 0.989954 0.997894 0.064210 0.009171 754.dat
1 16 88.712460 -62.761080 -60.558100 -0.120978 0.958152 0.259440 0.000000 -0.261360 0.965241 0.992655 0.116773 0.031619 754.dat
1 16 85.949530 -61.684540 -61.030940 -0.171925 0.917169 0.359502 0.000000 -0.364936 0.931032 0.985110 0.160067 0.062742 754.dat
1 16 83.323190 -60.346150 -61.606550 -0.217795 0.870337 0.441676 0.000000 -0.452539 0.891744 0.975994 0.194217 0.098561 754.dat
1 16 80.837580 -58.790580 -62.258730 -0.257649 0.822506 0.507051 0.000000 -0.524767 0.851245 0.966238 0.219323 0.135206 754.dat
1 16 78.485780 -57.058490 -62.962230 -0.290165 0.777447 0.558014 0.000000 -0.583101 0.812399 0.956976 0.235730 0.169196 754.dat
1 16 76.253140 -55.185280 -63.693000 -0.313848 0.737772 0.597655 0.000000 -0.629459 0.777033 0.949473 0.243871 0.197555 754.dat
1 16 74.120060 -53.200660 -64.427880 -0.327083 0.705077 0.629192 0.000000 -0.665815 0.746117 0.944996 0.244042 0.217777 754.dat
1 16 72.064660 -51.129160 -65.144180 -0.328323 0.680054 0.655537 0.000000 -0.694009 0.719966 0.944565 0.236382 0.227860 754.dat
1 16 70.064590 -48.990730 -65.819110 -0.316103 0.662736 0.678867 0.000000 -0.715557 0.698554 0.948725 0.220815 0.226190 754.dat
1 16 68.098750 -46.801910 -66.429280 -0.289104 0.652607 0.700373 0.000000 -0.731615 0.681718 0.957298 0.197088 0.211513 754.dat
1 16 66.148380 -44.576820 -66.950220 -0.246221 0.648765 0.720055 0.000000 -0.742927 0.669373 0.969213 0.164814 0.182925 754.dat
1 16 64.197940 -42.328390 -67.356340 -0.186803 0.649972 0.736642 0.000000 -0.749841 0.661618 0.982397 0.123593 0.140073 754.dat
1 16 62.236080 -40.069300 -67.621150 -0.111038 0.654711 0.747679 0.000000 -0.752331 0.658785 0.993816 0.073150 0.083538 754.dat
1 16 60.256180 -37.813000 -67.717830 -0.020275 0.661238 0.749902 0.000000 -0.750056 0.661374 0.999794 0.013410 0.015208 754.dat
1 16 58.257000 -35.574400 -67.620090 0.082521 0.667626 0.739909 0.000000 -0.742441 0.669911 0.996589 -0.055282 -0.061267 754.dat
1 16 56.242870 -33.370260 -67.303560 0.192945 0.671864 0.715102 0.000000 -0.728797 0.684730 0.981209 -0.132115 -0.140618 754.dat
1 16 54.223870 -31.219240 -66.747260 0.305631 0.671963 0.674578 0.000000 -0.708479 0.705732 0.952150 -0.215694 -0.216533 754.dat
1 16 52.215340 -29.141480 -65.935310 0.415183 0.666129 0.619593 0.000000 -0.681067 0.732221 0.909738 -0.304005 -0.282767 754.dat
1 16 50.237100 -27.157590 -64.858470 0.517180 0.652936 0.553353 0.000000 -0.646534 0.762885 0.855876 -0.394549 -0.334374 754.dat
1 16 48.312100 -25.287400 -63.515150 0.608726 0.631488 0.480288 0.000000 -0.605368 0.795945 0.793381 -0.484512 -0.368503 754.dat
1 16 46.464790 -23.548370 -61.911880 0.688492 0.601523 0.405152 0.000000 -0.558643 0.829408 0.725244 -0.571041 -0.384621 754.dat
1 16 44.719250 -21.954020 -60.062890 0.756403 0.563433 0.332260 0.000000 -0.507961 0.861380 0.654105 -0.651550 -0.384224 754.dat
1 16 43.097560 -20.512670 -57.988980 0.813181 0.518176 0.265010 0.000000 -0.455335 0.890320 0.582011 -0.723991 -0.370270 756.dat
1 16 41.618400 -19.226540 -55.715660 0.859943 0.467113 0.205677 0.000000 -0.402981 0.915208 0.510390 -0.787027 -0.346541 754.dat
1 16 40.296290 -18.091570 -53.271120 -0.897932 -0.411781 0.155414 0.000000 0.353106 0.935583 -0.440133 0.840091 -0.317065 754.dat
1 16 39.141420 -17.097670 -50.684130 -0.928352 -0.353666 0.114377 0.000000 0.307713 0.951479 -0.371701 0.883308 -0.285666 754.dat
1 16 38.160050 -16.229520 -47.982380 -0.952284 -0.294009 0.081935 0.000000 0.268453 0.963293 -0.305213 0.917328 -0.255644 754.dat
1 16 37.355400 -15.467710 -45.191240 -0.970647 -0.233683 0.056890 0.000000 0.236540 0.971622 -0.240508 0.943102 -0.229596 754.dat
1 16 36.728710 -14.789920 -42.333280 -0.984170 -0.173167 0.037703 0.000000 0.212741 0.977109 -0.177223 0.961642 -0.209373 754.dat
1 16 36.280340 -14.172190 -39.428340 -0.993389 -0.112537 0.022659 0.000000 0.197385 0.980326 -0.114796 0.973845 -0.196080 754.dat
1 16 36.010840 -13.590110 -36.493900 -0.998620 -0.051551 0.009998 0.000000 0.190395 0.981707 -0.052512 0.980353 -0.190132 754.dat
1 16 35.921670 -13.019870 -33.546070 -0.999945 0.010226 -0.001993 0.000000 0.191328 0.981526 0.010418 0.981473 -0.191317 754.dat
1 16 36.015670 -12.439310 -30.600390 -0.997195 0.073345 -0.014924 0.000000 0.199395 0.979919 0.074848 0.977170 -0.198835 754.dat
1 16 36.297260 -11.828780 -27.672840 -0.989922 0.138347 -0.030233 0.000000 0.213491 0.976945 0.141612 0.967100 -0.211339 754.dat
1 16 36.772300 -11.172080 -24.780610 -0.977397 0.205634 -0.049093 0.000000 0.232214 0.972665 0.211413 0.950679 -0.226965 754.dat
1 16 37.447570 -10.457210 -21.942640 -0.958615 0.275374 -0.072285 0.000000 0.253894 0.967232 0.284704 0.927204 -0.243387 754.dat
1 16 38.330160 -9.677100 -19.179940 -0.932342 0.347467 -0.100022 0.000000 0.276627 0.960977 0.361577 0.895960 -0.257911 754.dat
1 16 39.426580 -8.830220 -16.515430 -0.897218 0.421476 -0.131749 0.000000 0.298352 0.954456 0.441587 0.856355 -0.267687 754.dat
1 16 40.741920 -7.920960 -13.973580 -0.851947 0.496633 -0.165954 0.000000 0.316933 0.948448 0.523627 0.808028 -0.270010 754.dat
1 16 42.278880 -6.959780 -11.579700 -0.795565 0.571874 -0.200089 0.000000 0.330252 0.943893 0.605867 0.750929 -0.262737 754.dat
1 16 44.036920 -5.963060 -9.358970 -0.727796 0.645838 -0.230663 0.000000 0.336346 0.941739 0.685793 0.685394 -0.244791 754.dat
1 16 46.011620 -4.952630 -7.335450 -0.649301 0.716994 -0.253629 0.000000 0.333489 0.942754 0.760531 0.612131 -0.216535 754.dat
1 16 48.194040 -3.955060 -5.531000 -0.561821 0.783672 -0.264980 0.000000 0.320311 0.947312 0.827258 0.532221 -0.179957 754.dat
1 16 50.570580 -3.000640 -3.964270 -0.468020 0.844152 -0.261466 0.000000 0.295871 0.955228 0.883718 0.447066 -0.138473 754.dat
1 16 53.122720 -2.122120 -2.649820 -0.371058 0.896745 -0.241171 0.000000 0.259712 0.965686 0.928610 0.358326 -0.096368 754.dat
1 16 55.827160 -1.353400 -1.597440 -0.274092 0.939865 -0.203782 0.000000 0.211898 0.977292 0.961703 0.267868 -0.058079 754.dat
1 16 58.656180 -0.728060 -0.811610 -0.179784 0.972124 -0.150505 0.000000 0.152998 0.988226 0.983706 0.177668 -0.027506 754.dat
1 16 61.578180 -0.277940 -0.291170 -0.089338 0.992533 -0.083045 0.000000 0.083379 0.996518 0.996001 0.089027 -0.007449 754.dat
1 16 64.558480 -0.031820 -0.029210 -0.067288 0.995122 -0.072136 0.000000 0.072300 0.997383 0.997734 0.067112 -0.004865 754.dat
0 NOFILE
0 FILE 73590a.dat Copy 2
0 Hose, Flexible  8.5L with (Same Color) Tabless Ends Fixed
0 Name:  73590c03a
0 Author:  Steve Bliss [sbliss]
0 FlexibleBrick:  73590a.dat
1 16 100.000000 -64.000000 59.999960 0.000000 1.000000 0.000000 -1.000000 0.000000 0.000000 0.000000 0.000000 1.000000 752.dat
1 16 70.000000 0.000000 0.000000 0.000000 1.000000 0.000000 1.000000 0.000000 0.000000 0.000000 0.000000 1.000000 752.dat
1 16 100.000000 -64.000000 59.999960 0.000000 -1.000000 0.000000 1.000000 0.000000 0.000000 0.000000 0.000000 1.000000 755.dat
1 16 70.000000 0.000000 0.000000 0.000000 -1.000000 0.000000 1.000000 0.000000 0.000000 0.000000 0.000000 1.000000 755.dat
1 16 94.561550 -63.945760 60.000080 0.000275 0.992220 0.124496 0.000000 -0.124496 0.992220 1.000000 -0.000272 -0.000034 754.dat
1 16 91.597430 -63.490070 60.001200 0.000390 0.987948 0.154784 0.000000 -0.154783 0.987948 1.000000 -0.000385 -0.000060 754.dat
1 16 88.727210 -62.620380 60.003470 0.000809 0.955029 0.296512 0.000000 -0.296511 0.955029 0.999999 -0.000772 -0.000239 754.dat
1 16 86.003810 -61.363600 60.006840 0.001271 0.904076 0.427370 0.000000 -0.427370 0.904077 0.999999 -0.001149 -0.000543 754.dat
1 16 83.469440 -59.758670 60.011120 0.001718 0.838787 0.544457 0.000000 -0.544458 0.838788 0.999998 -0.001441 -0.000935 754.dat
1 16 81.152590 -57.852320 60.015700 0.001988 0.764044 0.645161 0.000000 -0.645162 0.764046 0.999998 -0.001519 -0.001282 754.dat
1 16 79.067240 -55.694400 60.019580 0.001789 0.685020 0.728522 0.000000 -0.728523 0.685021 0.999998 -0.001226 -0.001303 754.dat
1 16 77.213480 -53.333880 60.021120 0.000545 0.606565 0.795034 0.000000 -0.795034 0.606565 1.000000 -0.000330 -0.000433 754.dat
1 16 75.579430 -50.815660 60.017880 -0.002718 0.532776 0.846252 0.000000 -0.846255 0.532778 0.999996 0.001448 0.002300 754.dat
1 16 74.143910 -48.178730 60.006550 -0.009502 0.466811 0.884306 0.000000 -0.884346 0.466832 0.999955 0.004436 0.008403 754.dat
1 16 72.878960 -45.455550 59.982740 -0.021927 0.410883 0.911424 0.000000 -0.911643 0.410982 0.999759 0.009012 0.019990 754.dat
1 16 71.752430 -42.672200 59.940860 -0.042581 0.366324 0.929512 0.000000 -0.930356 0.366656 0.999093 0.015613 0.039616 754.dat
1 16 70.729920 -39.849270 59.874020 -0.073824 0.333779 0.939756 0.000000 -0.942327 0.334692 0.997271 0.024708 0.069567 754.dat
1 16 69.776460 -37.003180 59.773910 -0.116643 0.313335 0.942452 0.000000 -0.948929 0.315488 0.993174 0.036800 0.110687 754.dat
1 16 68.857600 -34.147570 59.630770 -0.169498 0.304711 0.937241 0.000000 -0.951002 0.309185 0.985530 0.052406 0.161193 754.dat
1 16 67.940440 -31.294760 59.433420 -0.228177 0.307309 0.923849 0.000000 -0.948880 0.315635 0.973620 0.072021 0.216513 754.dat
1 16 66.994240 -28.457040 59.169340 -0.287395 0.320256 0.902685 0.000000 -0.942444 0.334362 0.957812 0.096094 0.270854 754.dat
1 16 65.991310 -25.647760 58.824950 -0.342860 0.342391 0.874766 0.000000 -0.931210 0.364483 0.939386 0.124967 0.319275 754.dat
1 16 64.907800 -22.882190 58.386000 -0.392386 0.372288 0.841091 0.000000 -0.914428 0.404748 0.919801 0.158818 0.358809 754.dat
1 16 63.724470 -20.177930 57.838100 -0.435778 0.408183 0.802174 0.000000 -0.891251 0.453510 0.900054 0.197630 0.388388 754.dat
1 16 62.427600 -17.554930 57.167300 -0.473945 0.448037 0.758050 0.000000 -0.860877 0.508812 0.880554 0.241149 0.408009 754.dat
1 16 61.009750 -15.035030 56.360820 -0.508220 0.489535 0.708567 0.000000 -0.822741 0.568415 0.861227 0.288880 0.418134 754.dat
1 16 59.470320 -12.641060 55.407600 -0.539951 0.530197 0.653715 0.000000 -0.776664 0.629915 0.841696 0.340123 0.419361 754.dat
1 16 57.815810 -10.395570 54.298880 -0.570311 0.567521 0.593856 0.000000 -0.722955 0.690895 0.821429 0.394025 0.412310 754.dat
1 16 56.059690 -8.319360 53.028400 -0.600273 0.599117 0.529841 0.000000 -0.662470 0.749088 0.799795 0.449657 0.397664 756.dat
1 16 54.221820 -6.430060 51.592540 -0.630649 0.622852 0.462965 0.000000 -0.596552 0.802574 0.776068 0.506142 0.376216 754.dat
1 16 52.327600 -4.740900 49.989940 0.662079 -0.636954 0.394894 0.000000 0.526923 0.849913 -0.749434 -0.562709 0.348864 754.dat
1 16 50.406920 -3.259900 48.221280 0.695047 -0.640045 0.327493 0.000000 0.455507 0.890232 -0.718964 -0.618754 0.316599 754.dat
1 16 48.493040 -1.989560 46.288660 0.729871 -0.631106 0.262666 0.000000 0.384248 0.923230 -0.683585 -0.673839 0.280452 754.dat
1 16 46.621740 -0.927020 44.195320 0.766630 -0.609412 0.202225 0.000000 0.314948 0.949109 -0.642089 -0.727615 0.241449 754.dat
1 16 44.830600 -0.064640 41.945450 0.805107 -0.574426 0.147775 0.000000 0.249145 0.968466 -0.593130 -0.779719 0.200589 754.dat
1 16 43.158580 0.609240 39.544500 0.844667 -0.525741 0.100671 0.000000 0.188067 0.982156 -0.535292 -0.829595 0.158854 754.dat
1 16 41.645680 1.109370 36.999800 0.884173 -0.463033 0.061955 0.000000 0.132621 0.991167 -0.467159 -0.876363 0.117260 754.dat
1 16 40.332700 1.452770 34.321720 0.921879 -0.386128 0.032330 0.000000 0.083437 0.996513 -0.387479 -0.918664 0.076919 754.dat
1 16 39.260640 1.658020 31.525020 0.955375 -0.295148 0.012088 0.000000 0.040922 0.999162 -0.295395 -0.954575 0.039096 754.dat
1 16 38.469760 1.744670 28.630470 0.981642 -0.190730 0.001014 0.000000 0.005317 0.999986 -0.190733 -0.981628 0.005219 754.dat
1 16 37.997780 1.732810 25.666290 0.997236 -0.074273 -0.001729 0.000000 -0.023277 0.999729 -0.074293 -0.996966 -0.023212 754.dat
1 16 37.877700 1.642740 22.668880 0.998653 0.051842 0.002329 0.000000 -0.044887 0.998992 0.051894 -0.997646 -0.044827 754.dat
1 16 38.134810 1.494540 19.682820 0.982837 0.184149 0.011013 0.000000 -0.059700 0.998216 0.184478 -0.981083 -0.058675 754.dat
1 16 38.783880 1.307600 16.759420 0.947762 0.318238 0.021721 0.000000 -0.068095 0.997679 0.318979 -0.945562 -0.064538 754.dat
1 16 39.826600 1.100110 13.953970 0.892936 0.449058 0.031823 0.000000 -0.070688 0.997498 0.450184 -0.890702 -0.063120 754.dat
1 16 41.250240 0.888310 11.321780 0.819665 0.571504 0.039147 0.000000 -0.068337 0.997662 0.572843 -0.817749 -0.056014 754.dat
1 16 43.027880 0.685880 8.913650 0.730980 0.681081 0.042386 0.000000 -0.062113 0.998069 0.682398 -0.729569 -0.045403 754.dat
1 16 45.120460 0.503400 6.771490 0.631231 0.774496 0.041273 0.000000 -0.053214 0.998583 0.775595 -0.630337 -0.033590 754.dat
1 16 47.480280 0.347980 4.924920 0.525506 0.850008 0.036473 0.000000 -0.042869 0.999081 0.850790 -0.525023 -0.022528 754.dat
1 16 50.055510 0.223320 3.389380 0.418925 0.907550 0.029253 0.000000 -0.032216 0.999481 0.908021 -0.418707 -0.013496 754.dat
1 16 52.794630 0.129930 2.166030 0.316127 0.948483 0.021078 0.000000 -0.022217 0.999753 0.948717 -0.316048 -0.007023 754.dat
1 16 55.650380 0.065670 1.243110 0.220895 0.975207 0.013269 0.000000 -0.013605 0.999907 0.975298 -0.220874 -0.003005 754.dat
1 16 58.582420 0.026390 0.598260 0.136005 0.990685 0.006809 0.000000 -0.006873 0.999976 0.990708 -0.136002 -0.000934 754.dat
1 16 61.558850 0.006580 0.201360 0.062763 0.998026 0.002281 0.000000 -0.002285 0.999997 0.998028 -0.062762 -0.000143 754.dat
1 16 64.556450 -0.000010 0.017210 0.040123 0.999195 0.000111 0.000000 -0.000111 1.000000 0.999195 -0.040122 -0.000004 754.dat
0 NOFILE
